ISS(100.50728225)
1 25544U 98067A   12100.50728225  .00016717  00000-0  10270-3 0  9002
2 25544  51.6397 106.1792 0007832 256.8916 103.1365 15.58165399  7318
ISS(101.46931737)
1 25544U 98067A   12101.46931737  .00016717  00000-0  10270-3 0  9013
2 25544  51.6406 101.3542 0007888 259.3633 100.6634 15.58208027  7467
ISS(102.49547137)
1 25544U 98067A   12102.49547137  .00016717  00000-0  10270-3 0  9025
2 25544  51.6398  96.2066 0007874 264.1156  95.9102 15.58180893  7623
ISS(103.52160770)
1 25544U 98067A   12103.52160770  .00016717  00000-0  10270-3 0  9035
2 25544  51.6394  91.0591 0007907 268.9419  91.0830 15.58213075  7787
ISS(104.48359420)
1 25544U 98067A   12104.48359420  .00016717  00000-0  10270-3 0  9044
2 25544  51.6394  86.2338 0007909 272.4790  87.5459 15.58227782  7930
ISS(105.50969550)
1 25544U 98067A   12105.50969550  .00016717  00000-0  10270-3 0  9050
2 25544  51.6389  81.0860 0008006 276.9483  83.0761 15.58281392  8096
ISS(106.47164987)
1 25544U 98067A   12106.47164987  .00016717  00000-0  10270-3 0  9069
2 25544  51.6387  76.2602 0007813 280.3028  79.7254 15.58308125  8243
ISS(107.49771623)
1 25544U 98067A   12107.49771623  .00016717  00000-0  10270-3 0  9074
2 25544  51.6392  71.1117 0007959 285.1240  74.9034 15.58332062  8402
ISS(108.52376282)
1 25544U 98067A   12108.52376282  .00016717  00000-0  10270-3 0  9082
2 25544  51.6394  65.9642 0008109 287.6612  72.3657 15.58387937  8567
ISS(109.48566722)
1 25544U 98067A   12109.48566722  .00016717  00000-0  10270-3 0  9099
2 25544  51.6397  61.1373 0008045 292.3921  67.6381 15.58373920  8719
ISS(110.51167911)
1 25544U 98067A   12110.51167911  .00016717  00000-0  10270-3 0  9104
2 25544  51.6404  55.9897 0008117 296.2541  63.7779 15.58410043  8874
ISS(111.47354820)
1 25544U 98067A   12111.47354820  .00016717  00000-0  10270-3 0  9118
2 25544  51.6406  51.1634 0008155 300.1619  59.8733 15.58423783  9025
ISS(112.49952392)
1 25544U 98067A   12112.49952392  .00016717  00000-0  10270-3 0  9120
2 25544  51.6419  46.0154 0008174 303.7143  56.3232 15.58463921  9182
ISS(113.52548050)
1 25544U 98067A   12113.52548050  .00016717  00000-0  10270-3 0  9138
2 25544  51.6421  40.8675 0008167 307.2116  52.8293 15.58500412  9349
ISS(114.48729839)
1 25544U 98067A   12114.48729839  .00016717  00000-0  10270-3 0  9141
2 25544  51.6425  36.0411 0008214 311.2500  48.7947 15.58530833  9499
